55.944425,-3.188396,SW,55.944213,-3.188608,111.666449,257.380428
55.944213,-3.188608,WNW,55.944328,-3.188885,153.784917,378.406626
55.944328,-3.188885,WNW,55.944442,-3.189162,153.784917,377.156626
55.944442,-3.189162,WNW,55.944557,-3.189440,221.444666,416.317355
55.944557,-3.189440,SSE,55.944280,-3.189325,248.835386,433.943131
55.944280,-3.189325,SW,55.944068,-3.189537,295.719637,516.072647
55.944068,-3.189537,SE,55.943856,-3.189325,307.635635,554.942805
55.943856,-3.189325,WSW,55.943741,-3.189602,307.635635,553.692805
55.943741,-3.189602,WSW,55.943626,-3.189879,307.635635,552.442805
55.943626,-3.189879,WSW,55.943511,-3.190156,367.167286,579.809664
55.943511,-3.190156,WNW,55.943626,-3.190433,367.167286,578.559664
55.943626,-3.190433,W,55.943626,-3.190733,367.167286,577.309664
55.943626,-3.190733,WNW,55.943741,-3.191011,367.167286,576.059664
55.943741,-3.191011,W,55.943741,-3.191311,480.542961,689.666029
55.943741,-3.191311,NW,55.943953,-3.191523,522.465336,730.895370
55.943953,-3.191523,WNW,55.944068,-3.191800,522.465336,729.645370
55.944068,-3.191800,NW,55.944280,-3.192012,643.204623,741.260318
55.944280,-3.192012,WSW,55.944165,-3.192289,718.160132,746.241915
55.944165,-3.192289,SE,55.943953,-3.192077,718.160132,744.991915
55.943953,-3.192077,SE,55.943741,-3.191865,718.160132,743.741915
55.943741,-3.191865,SE,55.943529,-3.191653,718.160132,742.491915
55.943529,-3.191653,SE,55.943317,-3.191441,772.411444,785.604831
55.943317,-3.191441,SSE,55.943040,-3.191326,804.132597,882.675801
55.943040,-3.191326,W,55.943040,-3.191626,878.996155,899.514111
55.943040,-3.191626,WSW,55.942925,-3.191903,966.892539,945.154845
55.942925,-3.191903,SSW,55.942648,-3.192018,1070.224463,944.197650
55.942648,-3.192018,NNE,55.942925,-3.191903,1070.224463,942.947650
55.942925,-3.191903,NNE,55.943202,-3.191788,1070.224463,941.697650
55.943202,-3.191788,NNE,55.943479,-3.191673,1070.224463,940.447650
55.943479,-3.191673,NE,55.943691,-3.191461,1070.224463,939.197650
55.943691,-3.191461,NNE,55.943968,-3.191347,1070.224463,937.947650
55.943968,-3.191347,NE,55.944181,-3.191134,1070.550876,1015.492417
55.944181,-3.191134,NNE,55.944458,-3.191020,1070.550876,1014.242417
55.944458,-3.191020,N,55.944758,-3.191020,1070.550876,1012.992417
55.944758,-3.191020,NNE,55.945035,-3.190905,1178.900739,1123.538734
55.945035,-3.190905,NW,55.945247,-3.191117,1224.844111,1169.749333
55.945247,-3.191117,SW,55.945035,-3.191329,1268.523478,1217.165003
55.945035,-3.191329,NE,55.945247,-3.191117,1268.523478,1215.915003
55.945247,-3.191117,ENE,55.945362,-3.190840,1268.523478,1214.665003
55.945362,-3.190840,NE,55.945574,-3.190628,1377.491218,1215.391775
55.945574,-3.190628,SE,55.945362,-3.190415,1377.491218,1214.141775
55.945362,-3.190415,SE,55.945150,-3.190203,1466.768086,1268.993170
55.945150,-3.190203,ENE,55.945265,-3.189926,1466.768086,1267.743170
55.945265,-3.189926,NNE,55.945542,-3.189811,1466.768086,1266.493170
55.945542,-3.189811,E,55.945542,-3.189511,1466.768086,1265.243170
55.945542,-3.189511,E,55.945542,-3.189211,1466.768086,1263.993170
55.945542,-3.189211,ESE,55.945427,-3.188934,1519.854613,1263.024411
55.945427,-3.188934,ENE,55.945542,-3.188657,1519.854613,1261.774411
55.945542,-3.188657,ENE,55.945656,-3.188380,1519.854613,1260.524411
55.945656,-3.188380,ENE,55.945771,-3.188103,1519.854613,1259.274411
55.945771,-3.188103,ESE,55.945656,-3.187826,1519.854613,1258.024411
55.945656,-3.187826,NNE,55.945934,-3.187711,1630.053856,1361.469444
55.945934,-3.187711,SSE,55.945656,-3.187596,1630.053856,1360.219444
55.945656,-3.187596,SSE,55.945379,-3.187481,1686.438695,1393.636605
55.945379,-3.187481,SSE,55.945102,-3.187366,1691.950827,1452.645459
55.945102,-3.187366,ESE,55.944987,-3.187089,1696.821251,1481.926705
55.944987,-3.187089,S,55.944687,-3.187089,1696.821251,1480.676705
55.944687,-3.187089,SSE,55.944410,-3.186974,1696.821251,1479.426705
55.944410,-3.186974,S,55.944110,-3.186974,1696.821251,1478.176705
55.944110,-3.186974,SSE,55.943833,-3.186860,1696.821251,1476.926705
55.943833,-3.186860,S,55.943533,-3.186860,1696.821251,1475.676705
55.943533,-3.186860,SSE,55.943256,-3.186745,1812.372567,1593.839130
55.943256,-3.186745,WSW,55.943141,-3.187022,1812.372567,1592.589130
55.943141,-3.187022,SW,55.942929,-3.187234,1848.646230,1643.269859
55.942929,-3.187234,E,55.942929,-3.186934,1848.646230,1642.019859
55.942929,-3.186934,ENE,55.943044,-3.186657,1848.646230,1640.769859
55.943044,-3.186657,NNE,55.943321,-3.186542,1848.646230,1639.519859
55.943321,-3.186542,E,55.943321,-3.186242,1848.646230,1638.269859
55.943321,-3.186242,E,55.943321,-3.185942,1848.646230,1637.019859
55.943321,-3.185942,E,55.943321,-3.185642,1848.646230,1635.769859
55.943321,-3.185642,ESE,55.943206,-3.185365,1874.114573,1696.423384
55.943206,-3.185365,ESE,55.943091,-3.185088,1874.114573,1695.173384
55.943091,-3.185088,SE,55.942879,-3.184876,1967.618724,1733.856896
55.942879,-3.184876,N,55.943179,-3.184876,1967.618724,1732.606896
55.943179,-3.184876,NE,55.943391,-3.184663,2071.868168,1751.796429
55.943391,-3.184663,N,55.943691,-3.184663,2071.868168,1750.546429
55.943691,-3.184663,N,55.943991,-3.184663,2071.868168,1749.296429
55.943991,-3.184663,N,55.944291,-3.184663,2071.868168,1748.046429
55.944291,-3.184663,N,55.944591,-3.184663,2071.868168,1746.796429
55.944591,-3.184663,NNE,55.944868,-3.184549,2191.264691,1775.783208
55.944868,-3.184549,N,55.945168,-3.184549,2191.264691,1774.533208
55.945168,-3.184549,NNW,55.945446,-3.184663,2284.009414,1860.606457
55.945446,-3.184663,SSW,55.945168,-3.184778,2284.009414,1859.356457
55.945168,-3.184778,SW,55.944956,-3.184990,2310.225124,1891.310692
55.944956,-3.184990,NW,55.945168,-3.185203,2310.225124,1890.060692
55.945168,-3.185203,NW,55.945381,-3.185415,2310.225124,1888.810692
55.945381,-3.185415,WNW,55.945495,-3.185692,2310.225124,1887.560692
55.945495,-3.185692,NNW,55.945773,-3.185807,2310.225124,1886.310692
55.945773,-3.185807,N,55.946073,-3.185807,2329.626086,1905.481314
55.946073,-3.185807,W,55.946073,-3.186107,2329.626086,1904.231314
55.946073,-3.186107,W,55.946073,-3.186407,2329.626086,1902.981314
55.946073,-3.186407,W,55.946073,-3.186707,2329.626086,1901.731314
55.946073,-3.186707,W,55.946073,-3.187007,2329.626086,1900.481314
55.946073,-3.187007,W,55.946073,-3.187307,2329.626086,1899.231314
55.946073,-3.187307,W,55.946073,-3.187607,2329.626086,1897.981314
55.946073,-3.187607,SSW,55.945795,-3.187721,2329.626086,1896.731314
55.945795,-3.187721,WSW,55.945681,-3.187999,2329.626086,1895.481314
55.945681,-3.187999,W,55.945681,-3.188299,2329.626086,1894.231314
55.945681,-3.188299,W,55.945681,-3.188599,2329.626086,1892.981314
55.945681,-3.188599,W,55.945681,-3.188899,2329.626086,1891.731314
55.945681,-3.188899,W,55.945681,-3.189199,2329.626086,1890.481314
55.945681,-3.189199,W,55.945681,-3.189499,2329.626086,1889.231314
55.945681,-3.189499,W,55.945681,-3.189799,2329.626086,1887.981314
55.945681,-3.189799,W,55.945681,-3.190099,2329.626086,1886.731314
55.945681,-3.190099,W,55.945681,-3.190399,2329.626086,1885.481314
55.945681,-3.190399,W,55.945681,-3.190699,2329.626086,1884.231314
55.945681,-3.190699,W,55.945681,-3.190999,2329.626086,1882.981314
55.945681,-3.190999,W,55.945681,-3.191299,2329.626086,1881.731314
55.945681,-3.191299,W,55.945681,-3.191599,2329.626086,1880.481314
55.945681,-3.191599,WNW,55.945795,-3.191876,2348.204411,1900.622874
55.945795,-3.191876,ESE,55.945681,-3.191599,2348.204411,1899.372874
55.945681,-3.191599,SSE,55.945403,-3.191484,2348.204411,1898.122874
55.945403,-3.191484,SSE,55.945126,-3.191369,2348.204411,1896.872874
55.945126,-3.191369,SE,55.944914,-3.191157,2348.204411,1895.622874
55.944914,-3.191157,SSE,55.944637,-3.191042,2348.204411,1894.372874
55.944637,-3.191042,SE,55.944425,-3.190830,2348.204411,1893.122874
55.944425,-3.190830,SSE,55.944148,-3.190715,2348.204411,1891.872874
55.944148,-3.190715,SE,55.943936,-3.190503,2348.204411,1890.622874
55.943936,-3.190503,SSE,55.943658,-3.190388,2348.204411,1889.372874
55.943658,-3.190388,SE,55.943446,-3.190176,2348.204411,1888.122874
55.943446,-3.190176,WNW,55.943561,-3.190453,2348.204411,1886.872874
55.943561,-3.190453,ESE,55.943446,-3.190176,2348.204411,1885.622874
55.943446,-3.190176,WNW,55.943561,-3.190453,2348.204411,1884.372874
55.943561,-3.190453,ESE,55.943446,-3.190176,2348.204411,1883.122874
55.943446,-3.190176,WNW,55.943561,-3.190453,2348.204411,1881.872874
55.943561,-3.190453,ESE,55.943446,-3.190176,2348.204411,1880.622874
55.943446,-3.190176,WNW,55.943561,-3.190453,2348.204411,1879.372874
55.943561,-3.190453,ESE,55.943446,-3.190176,2348.204411,1878.122874
55.943446,-3.190176,WNW,55.943561,-3.190453,2348.204411,1876.872874
55.943561,-3.190453,ESE,55.943446,-3.190176,2348.204411,1875.622874
55.943446,-3.190176,WNW,55.943561,-3.190453,2348.204411,1874.372874
55.943561,-3.190453,ESE,55.943446,-3.190176,2348.204411,1873.122874
55.943446,-3.190176,WNW,55.943561,-3.190453,2348.204411,1871.872874
55.943561,-3.190453,ESE,55.943446,-3.190176,2348.204411,1870.622874
55.943446,-3.190176,WNW,55.943561,-3.190453,2348.204411,1869.372874
55.943561,-3.190453,ESE,55.943446,-3.190176,2348.204411,1868.122874
55.943446,-3.190176,WNW,55.943561,-3.190453,2348.204411,1866.872874
55.943561,-3.190453,ESE,55.943446,-3.190176,2348.204411,1865.622874
55.943446,-3.190176,WNW,55.943561,-3.190453,2348.204411,1864.372874
55.943561,-3.190453,ESE,55.943446,-3.190176,2348.204411,1863.122874
55.943446,-3.190176,WNW,55.943561,-3.190453,2348.204411,1861.872874
55.943561,-3.190453,ESE,55.943446,-3.190176,2348.204411,1860.622874
55.943446,-3.190176,WNW,55.943561,-3.190453,2348.204411,1859.372874
55.943561,-3.190453,ESE,55.943446,-3.190176,2348.204411,1858.122874
55.943446,-3.190176,WNW,55.943561,-3.190453,2348.204411,1856.872874
55.943561,-3.190453,ESE,55.943446,-3.190176,2348.204411,1855.622874
55.943446,-3.190176,WNW,55.943561,-3.190453,2348.204411,1854.372874
55.943561,-3.190453,ESE,55.943446,-3.190176,2348.204411,1853.122874
55.943446,-3.190176,WNW,55.943561,-3.190453,2348.204411,1851.872874
55.943561,-3.190453,ESE,55.943446,-3.190176,2348.204411,1850.622874
55.943446,-3.190176,WNW,55.943561,-3.190453,2348.204411,1849.372874
55.943561,-3.190453,ESE,55.943446,-3.190176,2348.204411,1848.122874
55.943446,-3.190176,WNW,55.943561,-3.190453,2348.204411,1846.872874
55.943561,-3.190453,ESE,55.943446,-3.190176,2348.204411,1845.622874
55.943446,-3.190176,WNW,55.943561,-3.190453,2348.204411,1844.372874
55.943561,-3.190453,ESE,55.943446,-3.190176,2348.204411,1843.122874
55.943446,-3.190176,WNW,55.943561,-3.190453,2348.204411,1841.872874
55.943561,-3.190453,ESE,55.943446,-3.190176,2348.204411,1840.622874
55.943446,-3.190176,WNW,55.943561,-3.190453,2348.204411,1839.372874
55.943561,-3.190453,ESE,55.943446,-3.190176,2348.204411,1838.122874
55.943446,-3.190176,WNW,55.943561,-3.190453,2348.204411,1836.872874
55.943561,-3.190453,ESE,55.943446,-3.190176,2348.204411,1835.622874
55.943446,-3.190176,WNW,55.943561,-3.190453,2348.204411,1834.372874
55.943561,-3.190453,ESE,55.943446,-3.190176,2348.204411,1833.122874
55.943446,-3.190176,WNW,55.943561,-3.190453,2348.204411,1831.872874
55.943561,-3.190453,ESE,55.943446,-3.190176,2348.204411,1830.622874
55.943446,-3.190176,WNW,55.943561,-3.190453,2348.204411,1829.372874
55.943561,-3.190453,ESE,55.943446,-3.190176,2348.204411,1828.122874
55.943446,-3.190176,WNW,55.943561,-3.190453,2348.204411,1826.872874
55.943561,-3.190453,ESE,55.943446,-3.190176,2348.204411,1825.622874
55.943446,-3.190176,WNW,55.943561,-3.190453,2348.204411,1824.372874
55.943561,-3.190453,ESE,55.943446,-3.190176,2348.204411,1823.122874
55.943446,-3.190176,WNW,55.943561,-3.190453,2348.204411,1821.872874
55.943561,-3.190453,ESE,55.943446,-3.190176,2348.204411,1820.622874
55.943446,-3.190176,WNW,55.943561,-3.190453,2348.204411,1819.372874
55.943561,-3.190453,ESE,55.943446,-3.190176,2348.204411,1818.122874
55.943446,-3.190176,WNW,55.943561,-3.190453,2348.204411,1816.872874
55.943561,-3.190453,ESE,55.943446,-3.190176,2348.204411,1815.622874
55.943446,-3.190176,WNW,55.943561,-3.190453,2348.204411,1814.372874
55.943561,-3.190453,ESE,55.943446,-3.190176,2348.204411,1813.122874
55.943446,-3.190176,WNW,55.943561,-3.190453,2348.204411,1811.872874
55.943561,-3.190453,ESE,55.943446,-3.190176,2348.204411,1810.622874
55.943446,-3.190176,WNW,55.943561,-3.190453,2348.204411,1809.372874
55.943561,-3.190453,ESE,55.943446,-3.190176,2348.204411,1808.122874
55.943446,-3.190176,WNW,55.943561,-3.190453,2348.204411,1806.872874
55.943561,-3.190453,ESE,55.943446,-3.190176,2348.204411,1805.622874
55.943446,-3.190176,WNW,55.943561,-3.190453,2348.204411,1804.372874
55.943561,-3.190453,ESE,55.943446,-3.190176,2348.204411,1803.122874
55.943446,-3.190176,WNW,55.943561,-3.190453,2348.204411,1801.872874
55.943561,-3.190453,ESE,55.943446,-3.190176,2348.204411,1800.622874
55.943446,-3.190176,WNW,55.943561,-3.190453,2348.204411,1799.372874
55.943561,-3.190453,ESE,55.943446,-3.190176,2348.204411,1798.122874
55.943446,-3.190176,WNW,55.943561,-3.190453,2348.204411,1796.872874
55.943561,-3.190453,ESE,55.943446,-3.190176,2348.204411,1795.622874
55.943446,-3.190176,WNW,55.943561,-3.190453,2348.204411,1794.372874
55.943561,-3.190453,ESE,55.943446,-3.190176,2348.204411,1793.122874
55.943446,-3.190176,WNW,55.943561,-3.190453,2348.204411,1791.872874
55.943561,-3.190453,ESE,55.943446,-3.190176,2348.204411,1790.622874
55.943446,-3.190176,WNW,55.943561,-3.190453,2348.204411,1789.372874
55.943561,-3.190453,ESE,55.943446,-3.190176,2348.204411,1788.122874
55.943446,-3.190176,WNW,55.943561,-3.190453,2348.204411,1786.872874
55.943561,-3.190453,ESE,55.943446,-3.190176,2348.204411,1785.622874
55.943446,-3.190176,WNW,55.943561,-3.190453,2348.204411,1784.372874
55.943561,-3.190453,ESE,55.943446,-3.190176,2348.204411,1783.122874
55.943446,-3.190176,WNW,55.943561,-3.190453,2348.204411,1781.872874
55.943561,-3.190453,ESE,55.943446,-3.190176,2348.204411,1780.622874
55.943446,-3.190176,WNW,55.943561,-3.190453,2348.204411,1779.372874
55.943561,-3.190453,ESE,55.943446,-3.190176,2348.204411,1778.122874
55.943446,-3.190176,WNW,55.943561,-3.190453,2348.204411,1776.872874
55.943561,-3.190453,ESE,55.943446,-3.190176,2348.204411,1775.622874
55.943446,-3.190176,WNW,55.943561,-3.190453,2348.204411,1774.372874
55.943561,-3.190453,ESE,55.943446,-3.190176,2348.204411,1773.122874
55.943446,-3.190176,WNW,55.943561,-3.190453,2348.204411,1771.872874
55.943561,-3.190453,ESE,55.943446,-3.190176,2348.204411,1770.622874
55.943446,-3.190176,WNW,55.943561,-3.190453,2348.204411,1769.372874
55.943561,-3.190453,ESE,55.943446,-3.190176,2348.204411,1768.122874
55.943446,-3.190176,WNW,55.943561,-3.190453,2348.204411,1766.872874
55.943561,-3.190453,ESE,55.943446,-3.190176,2348.204411,1765.622874
55.943446,-3.190176,WNW,55.943561,-3.190453,2348.204411,1764.372874
55.943561,-3.190453,ESE,55.943446,-3.190176,2348.204411,1763.122874
55.943446,-3.190176,WNW,55.943561,-3.190453,2348.204411,1761.872874
55.943561,-3.190453,ESE,55.943446,-3.190176,2348.204411,1760.622874
55.943446,-3.190176,WNW,55.943561,-3.190453,2348.204411,1759.372874
55.943561,-3.190453,ESE,55.943446,-3.190176,2348.204411,1758.122874
55.943446,-3.190176,WNW,55.943561,-3.190453,2348.204411,1756.872874
55.943561,-3.190453,ESE,55.943446,-3.190176,2348.204411,1755.622874
55.943446,-3.190176,WNW,55.943561,-3.190453,2348.204411,1754.372874
55.943561,-3.190453,ESE,55.943446,-3.190176,2348.204411,1753.122874
55.943446,-3.190176,WNW,55.943561,-3.190453,2348.204411,1751.872874
55.943561,-3.190453,ESE,55.943446,-3.190176,2348.204411,1750.622874
55.943446,-3.190176,WNW,55.943561,-3.190453,2348.204411,1749.372874
55.943561,-3.190453,ESE,55.943446,-3.190176,2348.204411,1748.122874
55.943446,-3.190176,WNW,55.943561,-3.190453,2348.204411,1746.872874
55.943561,-3.190453,ESE,55.943446,-3.190176,2348.204411,1745.622874
55.943446,-3.190176,WNW,55.943561,-3.190453,2348.204411,1744.372874
55.943561,-3.190453,ESE,55.943446,-3.190176,2348.204411,1743.122874
55.943446,-3.190176,WNW,55.943561,-3.190453,2348.204411,1741.872874
55.943561,-3.190453,ESE,55.943446,-3.190176,2348.204411,1740.622874
55.943446,-3.190176,WNW,55.943561,-3.190453,2348.204411,1739.372874
55.943561,-3.190453,ESE,55.943446,-3.190176,2348.204411,1738.122874
55.943446,-3.190176,WNW,55.943561,-3.190453,2348.204411,1736.872874
55.943561,-3.190453,ESE,55.943446,-3.190176,2348.204411,1735.622874
55.943446,-3.190176,WNW,55.943561,-3.190453,2348.204411,1734.372874
55.943561,-3.190453,ESE,55.943446,-3.190176,2348.204411,1733.122874
55.943446,-3.190176,WNW,55.943561,-3.190453,2348.204411,1731.872874
55.943561,-3.190453,ESE,55.943446,-3.190176,2348.204411,1730.622874
55.943446,-3.190176,WNW,55.943561,-3.190453,2348.204411,1729.372874
55.943561,-3.190453,ESE,55.943446,-3.190176,2348.204411,1728.122874
55.943446,-3.190176,WNW,55.943561,-3.190453,2348.204411,1726.872874
55.943561,-3.190453,ESE,55.943446,-3.190176,2348.204411,1725.622874